{
  "nbformat": 4,
  "nbformat_minor": 0,
  "metadata": {
    "colab": {
      "provenance": []
    },
    "kernelspec": {
      "name": "python3",
      "display_name": "Python 3"
    },
    "language_info": {
      "name": "python"
    }
  },
  "cells": [
    {
      "cell_type": "markdown",
      "source": [
        "\n",
        "1.   Adham Waleed Gaber 20210058\n",
        "2.   Adham Tarek abdelaziz 20210051\n",
        "3.   Abdelrhman ahmed ibrahim 20210566\n",
        "4.   alaa ibrahim mohammed 20210239\n",
        "\n",
        "\n",
        "\n",
        "\n",
        "\n",
        "\n",
        "\n",
        "\n"
      ],
      "metadata": {
        "id": "YjiV5LR4TeYr"
      }
    },
    {
      "cell_type": "code",
      "execution_count": 1,
      "metadata": {
        "id": "BzcEXtVVzkpE"
      },
      "outputs": [],
      "source": [
        "import numpy as np\n",
        "import numpy as np\n",
        "import pandas as pd\n",
        "import seaborn as sns\n",
        "import matplotlib.pyplot as plt\n"
      ]
    },
    {
      "cell_type": "code",
      "source": [
        "data=pd.read_csv('/content/winequality-white.csv') # unlabel data 4898 rows × 12 columns\n",
        "print(data)\n"
      ],
      "metadata": {
        "colab": {
          "base_uri": "https://localhost:8080/"
        },
        "collapsed": true,
        "id": "6zWiIU3Gz8tS",
        "outputId": "814c9e0a-50a4-4bd7-dc08-64fc089b1ebc"
      },
      "execution_count": 2,
      "outputs": [
        {
          "output_type": "stream",
          "name": "stdout",
          "text": [
            "      fixed acidity  volatile acidity  citric acid  residual sugar  chlorides  \\\n",
            "0               7.0              0.27         0.36            20.7      0.045   \n",
            "1               6.3              0.30         0.34             1.6      0.049   \n",
            "2               8.1              0.28         0.40             6.9      0.050   \n",
            "3               7.2              0.23         0.32             8.5      0.058   \n",
            "4               7.2              0.23         0.32             8.5      0.058   \n",
            "...             ...               ...          ...             ...        ...   \n",
            "4893            6.2              0.21         0.29             1.6      0.039   \n",
            "4894            6.6              0.32         0.36             8.0      0.047   \n",
            "4895            6.5              0.24         0.19             1.2      0.041   \n",
            "4896            5.5              0.29         0.30             1.1      0.022   \n",
            "4897            6.0              0.21         0.38             0.8      0.020   \n",
            "\n",
            "      free sulfur dioxide  total sulfur dioxide  density    pH  sulphates  \\\n",
            "0                    45.0                 170.0  1.00100  3.00       0.45   \n",
            "1                    14.0                 132.0  0.99400  3.30       0.49   \n",
            "2                    30.0                  97.0  0.99510  3.26       0.44   \n",
            "3                    47.0                 186.0  0.99560  3.19       0.40   \n",
            "4                    47.0                 186.0  0.99560  3.19       0.40   \n",
            "...                   ...                   ...      ...   ...        ...   \n",
            "4893                 24.0                  92.0  0.99114  3.27       0.50   \n",
            "4894                 57.0                 168.0  0.99490  3.15       0.46   \n",
            "4895                 30.0                 111.0  0.99254  2.99       0.46   \n",
            "4896                 20.0                 110.0  0.98869  3.34       0.38   \n",
            "4897                 22.0                  98.0  0.98941  3.26       0.32   \n",
            "\n",
            "      alcohol  quality  \n",
            "0         8.8        6  \n",
            "1         9.5        6  \n",
            "2        10.1        6  \n",
            "3         9.9        6  \n",
            "4         9.9        6  \n",
            "...       ...      ...  \n",
            "4893     11.2        6  \n",
            "4894      9.6        5  \n",
            "4895      9.4        6  \n",
            "4896     12.8        7  \n",
            "4897     11.8        6  \n",
            "\n",
            "[4898 rows x 12 columns]\n"
          ]
        }
      ]
    },
    {
      "cell_type": "code",
      "source": [
        "mean = data.mean(axis=0)  # Calculate mean of each columns\n",
        "print(\"mean:\")\n",
        "print(mean)"
      ],
      "metadata": {
        "colab": {
          "base_uri": "https://localhost:8080/"
        },
        "collapsed": true,
        "id": "0lnYlObB0aeI",
        "outputId": "7f7dd0a9-c69f-4f76-e94c-865ff04603a1"
      },
      "execution_count": 3,
      "outputs": [
        {
          "output_type": "stream",
          "name": "stdout",
          "text": [
            "mean:\n",
            "fixed acidity             6.854788\n",
            "volatile acidity          0.278241\n",
            "citric acid               0.334192\n",
            "residual sugar            6.391415\n",
            "chlorides                 0.045772\n",
            "free sulfur dioxide      35.308085\n",
            "total sulfur dioxide    138.360657\n",
            "density                   0.994027\n",
            "pH                        3.188267\n",
            "sulphates                 0.489847\n",
            "alcohol                  10.514267\n",
            "quality                   5.877909\n",
            "dtype: float64\n"
          ]
        }
      ]
    },
    {
      "cell_type": "code",
      "source": [
        "data_shifted = data - mean\n",
        "print(data_shifted)"
      ],
      "metadata": {
        "colab": {
          "base_uri": "https://localhost:8080/"
        },
        "collapsed": true,
        "id": "NJ5TV9PQ09WU",
        "outputId": "488d03c3-e2a8-41d2-af3a-328ad1371fd7"
      },
      "execution_count": 4,
      "outputs": [
        {
          "output_type": "stream",
          "name": "stdout",
          "text": [
            "      fixed acidity  volatile acidity  citric acid  residual sugar  chlorides  \\\n",
            "0          0.145212         -0.008241     0.025808       14.308585  -0.000772   \n",
            "1         -0.554788          0.021759     0.005808       -4.791415   0.003228   \n",
            "2          1.245212          0.001759     0.065808        0.508585   0.004228   \n",
            "3          0.345212         -0.048241    -0.014192        2.108585   0.012228   \n",
            "4          0.345212         -0.048241    -0.014192        2.108585   0.012228   \n",
            "...             ...               ...          ...             ...        ...   \n",
            "4893      -0.654788         -0.068241    -0.044192       -4.791415  -0.006772   \n",
            "4894      -0.254788          0.041759     0.025808        1.608585   0.001228   \n",
            "4895      -0.354788         -0.038241    -0.144192       -5.191415  -0.004772   \n",
            "4896      -1.354788          0.011759    -0.034192       -5.291415  -0.023772   \n",
            "4897      -0.854788         -0.068241     0.045808       -5.591415  -0.025772   \n",
            "\n",
            "      free sulfur dioxide  total sulfur dioxide   density        pH  \\\n",
            "0                9.691915             31.639343  0.006973 -0.188267   \n",
            "1              -21.308085             -6.360657 -0.000027  0.111733   \n",
            "2               -5.308085            -41.360657  0.001073  0.071733   \n",
            "3               11.691915             47.639343  0.001573  0.001733   \n",
            "4               11.691915             47.639343  0.001573  0.001733   \n",
            "...                   ...                   ...       ...       ...   \n",
            "4893           -11.308085            -46.360657 -0.002887  0.081733   \n",
            "4894            21.691915             29.639343  0.000873 -0.038267   \n",
            "4895            -5.308085            -27.360657 -0.001487 -0.198267   \n",
            "4896           -15.308085            -28.360657 -0.005337  0.151733   \n",
            "4897           -13.308085            -40.360657 -0.004617  0.071733   \n",
            "\n",
            "      sulphates   alcohol   quality  \n",
            "0     -0.039847 -1.714267  0.122091  \n",
            "1      0.000153 -1.014267  0.122091  \n",
            "2     -0.049847 -0.414267  0.122091  \n",
            "3     -0.089847 -0.614267  0.122091  \n",
            "4     -0.089847 -0.614267  0.122091  \n",
            "...         ...       ...       ...  \n",
            "4893   0.010153  0.685733  0.122091  \n",
            "4894  -0.029847 -0.914267 -0.877909  \n",
            "4895  -0.029847 -1.114267  0.122091  \n",
            "4896  -0.109847  2.285733  1.122091  \n",
            "4897  -0.169847  1.285733  0.122091  \n",
            "\n",
            "[4898 rows x 12 columns]\n"
          ]
        }
      ]
    },
    {
      "cell_type": "code",
      "source": [
        "cov_matrix=np.cov(data_shifted, rowvar=False)\n",
        "print(\"cov_matrix:\")\n",
        "print(cov_matrix)\n",
        "print(\"cov_matrix.shape\")\n",
        "print(cov_matrix.shape)\n"
      ],
      "metadata": {
        "colab": {
          "base_uri": "https://localhost:8080/"
        },
        "collapsed": true,
        "id": "u333eBNK1d7_",
        "outputId": "25b348b9-54cf-42d8-f6ed-881aab87b6a0"
      },
      "execution_count": 5,
      "outputs": [
        {
          "output_type": "stream",
          "name": "stdout",
          "text": [
            "cov_matrix:\n",
            "[[ 7.12113586e-01 -1.93057060e-03  2.95325116e-02  3.81021814e-01\n",
            "   4.25625536e-04 -7.08918642e-01  3.26601339e+00  6.69677256e-04\n",
            "  -5.42648260e-02 -1.65099229e-03 -1.25532822e-01 -8.49473094e-02]\n",
            " [-1.93057060e-03  1.01595410e-02 -1.82327755e-03  3.28653337e-02\n",
            "   1.55277486e-04 -1.66300459e-01  3.82353903e-01  8.17393269e-06\n",
            "  -4.85753094e-04 -4.10990231e-04  8.39972309e-03 -1.73824405e-02]\n",
            " [ 2.95325116e-02 -1.82327755e-03  1.46457930e-02  5.78289265e-02\n",
            "   3.02383813e-04  1.93629777e-01  6.22988708e-01  5.41137964e-05\n",
            "  -2.99234513e-03  8.60882914e-04 -1.12782389e-02 -9.87028583e-04]\n",
            " [ 3.81021814e-01  3.28653337e-02  5.78289265e-02  2.57257702e+01\n",
            "   9.82750206e-03  2.58005779e+01  8.65313030e+01  1.27271653e-02\n",
            "  -1.48683661e-01 -1.54347435e-02 -2.81274033e+00 -4.38316094e-01]\n",
            " [ 4.25625536e-04  1.55277486e-04  3.02383813e-04  9.82750206e-03\n",
            "   4.77333710e-04  3.76744976e-02  1.84687489e-01  1.68075352e-05\n",
            "  -2.98364855e-04  4.17968689e-05 -9.68423502e-03 -4.06210559e-03]\n",
            " [-7.08918642e-01 -1.66300459e-01  1.93629777e-01  2.58005779e+01\n",
            "   3.76744976e-02  2.89242720e+02  4.44865891e+02  1.49655317e-02\n",
            "  -1.58655481e-03  1.14937934e-01 -5.23450867e+00  1.22878250e-01]\n",
            " [ 3.26601339e+00  3.82353903e-01  6.22988708e-01  8.65313030e+01\n",
            "   1.84687489e-01  4.44865891e+02  1.80608549e+03  6.73520256e-02\n",
            "   1.48942172e-02  6.52644577e-01 -2.34766046e+01 -6.57674635e+00]\n",
            " [ 6.69677256e-04  8.17393269e-06  5.41137964e-05  1.27271653e-02\n",
            "   1.68075352e-05  1.49655317e-02  6.73520256e-02  8.94552419e-06\n",
            "  -4.22686081e-05  2.54274724e-05 -2.87143036e-03 -8.13527438e-04]\n",
            " [-5.42648260e-02 -4.85753094e-04 -2.99234513e-03 -1.48683661e-01\n",
            "  -2.98364855e-04 -1.58655481e-03  1.48942172e-02 -4.22686081e-05\n",
            "   2.28011811e-02  2.68752297e-03  2.25650522e-02  1.32966000e-02]\n",
            " [-1.65099229e-03 -4.10990231e-04  8.60882914e-04 -1.54347435e-02\n",
            "   4.17968689e-05  1.14937934e-01  6.52644577e-01  2.54274724e-05\n",
            "   2.68752297e-03  1.30247060e-02 -2.44835608e-03  5.42545069e-03]\n",
            " [-1.25532822e-01  8.39972309e-03 -1.12782389e-02 -2.81274033e+00\n",
            "  -9.68423502e-03 -5.23450867e+00 -2.34766046e+01 -2.87143036e-03\n",
            "   2.25650522e-02 -2.44835608e-03  1.51442698e+00  4.74726369e-01]\n",
            " [-8.49473094e-02 -1.73824405e-02 -9.87028583e-04 -4.38316094e-01\n",
            "  -4.06210559e-03  1.22878250e-01 -6.57674635e+00 -8.13527438e-04\n",
            "   1.32966000e-02  5.42545069e-03  4.74726369e-01  7.84355685e-01]]\n",
            "cov_matrix.shape\n",
            "(12, 12)\n"
          ]
        }
      ]
    },
    {
      "cell_type": "code",
      "source": [
        "eigen_values , eigen_vectors = np.linalg.eigh(cov_matrix)\n",
        "print (\"eigen_values:\")\n",
        "print (eigen_values)\n",
        "print(\"eigen_values.shape\")\n",
        "print(eigen_values.shape)\n",
        "print (\"-----------------------------------------------------------------------\")\n",
        "print (\"eigen_vectors:\")\n",
        "print (eigen_vectors)\n",
        "print(\"eigen_vectors.shape\")\n",
        "print(eigen_vectors.shape)\n"
      ],
      "metadata": {
        "colab": {
          "base_uri": "https://localhost:8080/"
        },
        "id": "2yY0pkZo2-8C",
        "outputId": "61ced6dd-f2fd-41ee-8fb7-2fa8e189289f"
      },
      "execution_count": 6,
      "outputs": [
        {
          "output_type": "stream",
          "name": "stdout",
          "text": [
            "eigen_values:\n",
            "[3.12864643e-07 3.95835170e-04 8.20647606e-03 1.14461035e-02\n",
            " 1.41162502e-02 1.83893681e-02 5.00409212e-01 6.86711335e-01\n",
            " 1.31617443e+00 2.15628867e+01 1.68473166e+02 1.93153409e+03]\n",
            "eigen_values.shape\n",
            "(12,)\n",
            "-----------------------------------------------------------------------\n",
            "eigen_vectors:\n",
            "[[ 7.66601528e-04 -2.24739551e-03 -8.57816708e-04 -4.96968204e-03\n",
            "  -4.68562413e-02  7.43389867e-02  8.49236772e-02 -9.84530707e-01\n",
            "   1.24422410e-01  1.29244578e-02  9.16673296e-03 -1.54452453e-03]\n",
            " [ 4.69700074e-04  2.48414077e-02 -9.41218753e-01  1.62429207e-01\n",
            "  -2.83221670e-01 -7.19119916e-02 -4.09544532e-02  3.84971566e-03\n",
            "  -5.04641601e-03  9.34397864e-04  1.54624759e-03 -1.69030937e-04]\n",
            " [ 3.37124552e-04  2.20033151e-02 -3.21480015e-01 -3.52074313e-01\n",
            "   8.76795979e-01 -4.03006772e-02  8.27487507e-03 -4.16636471e-02\n",
            "   2.93863262e-03  1.25792693e-03 -1.40367326e-04 -3.38646756e-04]\n",
            " [ 3.73691999e-04 -5.94052159e-04  2.40966534e-03 -1.39857364e-04\n",
            "   3.22940168e-04  6.29485032e-03 -3.78225593e-02  5.94915363e-04\n",
            "  -7.59758326e-02  9.95132094e-01 -1.49314295e-02 -4.73275083e-02]\n",
            " [ 4.61685589e-03 -9.99336604e-01 -2.94761271e-02  1.50976516e-03\n",
            "   1.42757191e-02 -1.37426810e-02  2.13552145e-03  1.51292885e-03\n",
            "   5.86406534e-03  7.99982707e-05  7.20390584e-05 -9.75793989e-05]\n",
            " [-6.48529405e-06  1.03681465e-05 -1.16750746e-03  4.94342399e-04\n",
            "  -7.83437672e-04  6.30919916e-04 -4.90679537e-03 -7.88627161e-03\n",
            "   1.08349352e-02 -2.62836581e-02 -9.64637649e-01 -2.61872279e-01]\n",
            " [ 3.81281784e-06  2.81966166e-05  6.93323375e-04 -3.55241254e-04\n",
            "  -5.95991040e-05 -7.47319872e-04 -1.04400671e-03  1.73915779e-03\n",
            "  -1.19772833e-02 -4.28506386e-02  2.62682018e-01 -9.63853329e-01]\n",
            " [-9.99981100e-01 -4.62940253e-03 -1.01046543e-03  1.30305568e-04\n",
            "   3.27338751e-04  3.69146900e-03  5.77202670e-04 -3.25262524e-04\n",
            "   9.77555567e-04  4.47089057e-04  1.83976939e-05 -3.59706391e-05]\n",
            " [ 3.48175662e-03 -1.22038473e-02 -9.16016835e-02 -3.12214415e-01\n",
            "  -1.11993840e-01  9.35629944e-01  1.74985889e-04  7.54813438e-02\n",
            "  -1.66565597e-02 -7.02248727e-03  4.08057870e-05 -3.36199734e-06]\n",
            " [ 1.44654106e-03  1.59878075e-03  1.28950512e-02  8.67266674e-01\n",
            "   3.68395283e-01  3.34381231e-01  1.04262703e-02  3.56125428e-03\n",
            "  -5.04517849e-03 -2.14549560e-03  3.60533010e-04 -3.40888191e-04]\n",
            " [-1.09566804e-03 -6.81135582e-03  2.38683042e-02 -1.92848945e-03\n",
            "   8.85099107e-03 -2.77727045e-04 -5.35791770e-01 -1.52189379e-01\n",
            "  -8.25831259e-01 -8.28886698e-02 -6.47965595e-03  1.25043553e-02]\n",
            " [-8.34736200e-05 -6.24590433e-04 -2.74365169e-02 -4.76233462e-05\n",
            "  -1.66769439e-02 -1.48623442e-02  8.38093112e-01  2.98632006e-03\n",
            "  -5.44165671e-01 -9.53699973e-03 -1.09933430e-02  3.28041170e-03]]\n",
            "eigen_vectors.shape\n",
            "(12, 12)\n"
          ]
        }
      ]
    },
    {
      "cell_type": "code",
      "source": [
        "sorted_indices = np.argsort(eigen_values)[::-1]\n",
        "eigenvalues = eigen_values[sorted_indices]\n",
        "eigenvectors = eigen_vectors[:, sorted_indices]\n",
        "print (\"eigen_values:\")\n",
        "print (eigenvalues)\n",
        "print(\"eigen_values.shape\")\n",
        "print(eigenvalues.shape)\n",
        "print (\"-----------------------------------------------------------------------\")\n",
        "print (\"eigen_vectors:\")\n",
        "print (eigenvectors)\n",
        "print(\"eigen_vectors.shape\")\n",
        "print(eigenvectors.shape)"
      ],
      "metadata": {
        "colab": {
          "base_uri": "https://localhost:8080/"
        },
        "id": "Ixwskxaz3iBx",
        "outputId": "3c81e0f6-9147-40d6-c6dd-ae5769ec8b6b"
      },
      "execution_count": 7,
      "outputs": [
        {
          "output_type": "stream",
          "name": "stdout",
          "text": [
            "eigen_values:\n",
            "[1.93153409e+03 1.68473166e+02 2.15628867e+01 1.31617443e+00\n",
            " 6.86711335e-01 5.00409212e-01 1.83893681e-02 1.41162502e-02\n",
            " 1.14461035e-02 8.20647606e-03 3.95835170e-04 3.12864643e-07]\n",
            "eigen_values.shape\n",
            "(12,)\n",
            "-----------------------------------------------------------------------\n",
            "eigen_vectors:\n",
            "[[-1.54452453e-03  9.16673296e-03  1.29244578e-02  1.24422410e-01\n",
            "  -9.84530707e-01  8.49236772e-02  7.43389867e-02 -4.68562413e-02\n",
            "  -4.96968204e-03 -8.57816708e-04 -2.24739551e-03  7.66601528e-04]\n",
            " [-1.69030937e-04  1.54624759e-03  9.34397864e-04 -5.04641601e-03\n",
            "   3.84971566e-03 -4.09544532e-02 -7.19119916e-02 -2.83221670e-01\n",
            "   1.62429207e-01 -9.41218753e-01  2.48414077e-02  4.69700074e-04]\n",
            " [-3.38646756e-04 -1.40367326e-04  1.25792693e-03  2.93863262e-03\n",
            "  -4.16636471e-02  8.27487507e-03 -4.03006772e-02  8.76795979e-01\n",
            "  -3.52074313e-01 -3.21480015e-01  2.20033151e-02  3.37124552e-04]\n",
            " [-4.73275083e-02 -1.49314295e-02  9.95132094e-01 -7.59758326e-02\n",
            "   5.94915363e-04 -3.78225593e-02  6.29485032e-03  3.22940168e-04\n",
            "  -1.39857364e-04  2.40966534e-03 -5.94052159e-04  3.73691999e-04]\n",
            " [-9.75793989e-05  7.20390584e-05  7.99982707e-05  5.86406534e-03\n",
            "   1.51292885e-03  2.13552145e-03 -1.37426810e-02  1.42757191e-02\n",
            "   1.50976516e-03 -2.94761271e-02 -9.99336604e-01  4.61685589e-03]\n",
            " [-2.61872279e-01 -9.64637649e-01 -2.62836581e-02  1.08349352e-02\n",
            "  -7.88627161e-03 -4.90679537e-03  6.30919916e-04 -7.83437672e-04\n",
            "   4.94342399e-04 -1.16750746e-03  1.03681465e-05 -6.48529405e-06]\n",
            " [-9.63853329e-01  2.62682018e-01 -4.28506386e-02 -1.19772833e-02\n",
            "   1.73915779e-03 -1.04400671e-03 -7.47319872e-04 -5.95991040e-05\n",
            "  -3.55241254e-04  6.93323375e-04  2.81966166e-05  3.81281784e-06]\n",
            " [-3.59706391e-05  1.83976939e-05  4.47089057e-04  9.77555567e-04\n",
            "  -3.25262524e-04  5.77202670e-04  3.69146900e-03  3.27338751e-04\n",
            "   1.30305568e-04 -1.01046543e-03 -4.62940253e-03 -9.99981100e-01]\n",
            " [-3.36199734e-06  4.08057870e-05 -7.02248727e-03 -1.66565597e-02\n",
            "   7.54813438e-02  1.74985889e-04  9.35629944e-01 -1.11993840e-01\n",
            "  -3.12214415e-01 -9.16016835e-02 -1.22038473e-02  3.48175662e-03]\n",
            " [-3.40888191e-04  3.60533010e-04 -2.14549560e-03 -5.04517849e-03\n",
            "   3.56125428e-03  1.04262703e-02  3.34381231e-01  3.68395283e-01\n",
            "   8.67266674e-01  1.28950512e-02  1.59878075e-03  1.44654106e-03]\n",
            " [ 1.25043553e-02 -6.47965595e-03 -8.28886698e-02 -8.25831259e-01\n",
            "  -1.52189379e-01 -5.35791770e-01 -2.77727045e-04  8.85099107e-03\n",
            "  -1.92848945e-03  2.38683042e-02 -6.81135582e-03 -1.09566804e-03]\n",
            " [ 3.28041170e-03 -1.09933430e-02 -9.53699973e-03 -5.44165671e-01\n",
            "   2.98632006e-03  8.38093112e-01 -1.48623442e-02 -1.66769439e-02\n",
            "  -4.76233462e-05 -2.74365169e-02 -6.24590433e-04 -8.34736200e-05]]\n",
            "eigen_vectors.shape\n",
            "(12, 12)\n"
          ]
        }
      ]
    },
    {
      "cell_type": "code",
      "source": [
        "import numpy as np\n",
        "\n",
        "# Assuming `data_shifted` is your mean-centered data\n",
        "# Assuming `eigenvectors` are the principal components\n",
        "\n",
        "explained_variances = []\n",
        "total_variance = np.sum(np.var(data_shifted, axis=0))  # Total variance of the original data\n",
        "\n",
        "for k in range(1, data.shape[1] + 1):  # Iterate through 1 to the number of columns\n",
        "    Q = eigenvectors[:, :k]\n",
        "    print(f\"Q for k={k}:\\n{Q}\\n\")  # Print Q for demonstration\n",
        "\n",
        "    # Project data onto the first k eigenvectors\n",
        "    data_reduced = data_shifted @ Q\n",
        "    print(f\"data_reduced for k={k}:\\n{data_reduced}\\n\")  # Print data_reduced for demonstration\n",
        "\n",
        "    # Compute variance explained by these k components\n",
        "    reduced_variance = np.sum(np.var(data_reduced, axis=0))  # Sum of variances of reduced data\n",
        "    explained_variance_ratio = reduced_variance / total_variance\n",
        "    explained_variances.append(explained_variance_ratio)\n",
        "    print(f\"Explained variance for k={k}: {explained_variance_ratio:.2%}\\n\")\n",
        "\n",
        "# Find the smallest k where explained variance >= 95%\n",
        "threshold = 0.95\n",
        "best_k = np.argmax(np.array(explained_variances) >= threshold) + 1\n",
        "print(f\"The best number of components (Q) is: {best_k}\")\n"
      ],
      "metadata": {
        "colab": {
          "base_uri": "https://localhost:8080/"
        },
        "id": "Jj-Sd9YETtLl",
        "outputId": "bd43bccb-4404-4d30-8cea-032fc95f61c4"
      },
      "execution_count": 8,
      "outputs": [
        {
          "output_type": "stream",
          "name": "stdout",
          "text": [
            "Q for k=1:\n",
            "[[-1.54452453e-03]\n",
            " [-1.69030937e-04]\n",
            " [-3.38646756e-04]\n",
            " [-4.73275083e-02]\n",
            " [-9.75793989e-05]\n",
            " [-2.61872279e-01]\n",
            " [-9.63853329e-01]\n",
            " [-3.59706391e-05]\n",
            " [-3.36199734e-06]\n",
            " [-3.40888191e-04]\n",
            " [ 1.25043553e-02]\n",
            " [ 3.28041170e-03]]\n",
            "\n",
            "data_reduced for k=1:\n",
            "              0\n",
            "0    -33.732172\n",
            "1     11.926072\n",
            "2     41.224868\n",
            "3    -49.086693\n",
            "4    -49.086693\n",
            "...         ...\n",
            "4893  47.882924\n",
            "4894 -34.338545\n",
            "4895  27.994480\n",
            "4896  31.629111\n",
            "4897  42.669255\n",
            "\n",
            "[4898 rows x 1 columns]\n",
            "\n",
            "Explained variance for k=1: 90.93%\n",
            "\n",
            "Q for k=2:\n",
            "[[-1.54452453e-03  9.16673296e-03]\n",
            " [-1.69030937e-04  1.54624759e-03]\n",
            " [-3.38646756e-04 -1.40367326e-04]\n",
            " [-4.73275083e-02 -1.49314295e-02]\n",
            " [-9.75793989e-05  7.20390584e-05]\n",
            " [-2.61872279e-01 -9.64637649e-01]\n",
            " [-9.63853329e-01  2.62682018e-01]\n",
            " [-3.59706391e-05  1.83976939e-05]\n",
            " [-3.36199734e-06  4.08057870e-05]\n",
            " [-3.40888191e-04  3.60533010e-04]\n",
            " [ 1.25043553e-02 -6.47965595e-03]\n",
            " [ 3.28041170e-03 -1.09933430e-02]]\n",
            "\n",
            "data_reduced for k=2:\n",
            "              0          1\n",
            "0    -33.732172  -1.240689\n",
            "1     11.926072  18.955475\n",
            "2     41.224868  -5.739181\n",
            "3    -49.086693   1.209751\n",
            "4    -49.086693   1.209751\n",
            "...         ...        ...\n",
            "4893  47.882924  -1.210245\n",
            "4894 -34.338545 -13.149846\n",
            "4895  27.994480  -1.986691\n",
            "4896  31.629111   7.356351\n",
            "4897  42.669255   2.301268\n",
            "\n",
            "[4898 rows x 2 columns]\n",
            "\n",
            "Explained variance for k=2: 98.86%\n",
            "\n",
            "Q for k=3:\n",
            "[[-1.54452453e-03  9.16673296e-03  1.29244578e-02]\n",
            " [-1.69030937e-04  1.54624759e-03  9.34397864e-04]\n",
            " [-3.38646756e-04 -1.40367326e-04  1.25792693e-03]\n",
            " [-4.73275083e-02 -1.49314295e-02  9.95132094e-01]\n",
            " [-9.75793989e-05  7.20390584e-05  7.99982707e-05]\n",
            " [-2.61872279e-01 -9.64637649e-01 -2.62836581e-02]\n",
            " [-9.63853329e-01  2.62682018e-01 -4.28506386e-02]\n",
            " [-3.59706391e-05  1.83976939e-05  4.47089057e-04]\n",
            " [-3.36199734e-06  4.08057870e-05 -7.02248727e-03]\n",
            " [-3.40888191e-04  3.60533010e-04 -2.14549560e-03]\n",
            " [ 1.25043553e-02 -6.47965595e-03 -8.28886698e-02]\n",
            " [ 3.28041170e-03 -1.09933430e-02 -9.53699973e-03]]\n",
            "\n",
            "data_reduced for k=3:\n",
            "              0          1          2\n",
            "0    -33.732172  -1.240689  12.772668\n",
            "1     11.926072  18.955475  -3.860499\n",
            "2     41.224868  -5.739181   2.466912\n",
            "3    -49.086693   1.209751  -0.196029\n",
            "4    -49.086693   1.209751  -0.196029\n",
            "...         ...        ...        ...\n",
            "4893  47.882924  -1.210245  -2.551473\n",
            "4894 -34.338545 -13.149846  -0.158186\n",
            "4895  27.994480  -1.986691  -3.766358\n",
            "4896  31.629111   7.356351  -3.866571\n",
            "4897  42.669255   2.301268  -3.603866\n",
            "\n",
            "[4898 rows x 3 columns]\n",
            "\n",
            "Explained variance for k=3: 99.88%\n",
            "\n",
            "Q for k=4:\n",
            "[[-1.54452453e-03  9.16673296e-03  1.29244578e-02  1.24422410e-01]\n",
            " [-1.69030937e-04  1.54624759e-03  9.34397864e-04 -5.04641601e-03]\n",
            " [-3.38646756e-04 -1.40367326e-04  1.25792693e-03  2.93863262e-03]\n",
            " [-4.73275083e-02 -1.49314295e-02  9.95132094e-01 -7.59758326e-02]\n",
            " [-9.75793989e-05  7.20390584e-05  7.99982707e-05  5.86406534e-03]\n",
            " [-2.61872279e-01 -9.64637649e-01 -2.62836581e-02  1.08349352e-02]\n",
            " [-9.63853329e-01  2.62682018e-01 -4.28506386e-02 -1.19772833e-02]\n",
            " [-3.59706391e-05  1.83976939e-05  4.47089057e-04  9.77555567e-04]\n",
            " [-3.36199734e-06  4.08057870e-05 -7.02248727e-03 -1.66565597e-02]\n",
            " [-3.40888191e-04  3.60533010e-04 -2.14549560e-03 -5.04517849e-03]\n",
            " [ 1.25043553e-02 -6.47965595e-03 -8.28886698e-02 -8.25831259e-01]\n",
            " [ 3.28041170e-03 -1.09933430e-02 -9.53699973e-03 -5.44165671e-01]]\n",
            "\n",
            "data_reduced for k=4:\n",
            "              0          1          2         3\n",
            "0    -33.732172  -1.240689  12.772668  0.009733\n",
            "1     11.926072  18.955475  -3.860499  0.909556\n",
            "2     41.224868  -5.739181   2.466912  0.829112\n",
            "3    -49.086693   1.209751  -0.196029 -0.119615\n",
            "4    -49.086693   1.209751  -0.196029 -0.119615\n",
            "...         ...        ...        ...       ...\n",
            "4893  47.882924  -1.210245  -2.551473  0.081336\n",
            "4894 -34.338545 -13.149846  -0.158186  0.959536\n",
            "4895  27.994480  -1.986691  -3.766358  1.477424\n",
            "4896  31.629111   7.356351  -3.866571 -2.093235\n",
            "4897  42.669255   2.301268  -3.603866 -0.470574\n",
            "\n",
            "[4898 rows x 4 columns]\n",
            "\n",
            "Explained variance for k=4: 99.94%\n",
            "\n",
            "Q for k=5:\n",
            "[[-1.54452453e-03  9.16673296e-03  1.29244578e-02  1.24422410e-01\n",
            "  -9.84530707e-01]\n",
            " [-1.69030937e-04  1.54624759e-03  9.34397864e-04 -5.04641601e-03\n",
            "   3.84971566e-03]\n",
            " [-3.38646756e-04 -1.40367326e-04  1.25792693e-03  2.93863262e-03\n",
            "  -4.16636471e-02]\n",
            " [-4.73275083e-02 -1.49314295e-02  9.95132094e-01 -7.59758326e-02\n",
            "   5.94915363e-04]\n",
            " [-9.75793989e-05  7.20390584e-05  7.99982707e-05  5.86406534e-03\n",
            "   1.51292885e-03]\n",
            " [-2.61872279e-01 -9.64637649e-01 -2.62836581e-02  1.08349352e-02\n",
            "  -7.88627161e-03]\n",
            " [-9.63853329e-01  2.62682018e-01 -4.28506386e-02 -1.19772833e-02\n",
            "   1.73915779e-03]\n",
            " [-3.59706391e-05  1.83976939e-05  4.47089057e-04  9.77555567e-04\n",
            "  -3.25262524e-04]\n",
            " [-3.36199734e-06  4.08057870e-05 -7.02248727e-03 -1.66565597e-02\n",
            "   7.54813438e-02]\n",
            " [-3.40888191e-04  3.60533010e-04 -2.14549560e-03 -5.04517849e-03\n",
            "   3.56125428e-03]\n",
            " [ 1.25043553e-02 -6.47965595e-03 -8.28886698e-02 -8.25831259e-01\n",
            "  -1.52189379e-01]\n",
            " [ 3.28041170e-03 -1.09933430e-02 -9.53699973e-03 -5.44165671e-01\n",
            "   2.98632006e-03]]\n",
            "\n",
            "data_reduced for k=5:\n",
            "              0          1          2         3         4\n",
            "0    -33.732172  -1.240689  12.772668  0.009733  0.089934\n",
            "1     11.926072  18.955475  -3.860499  0.909556  0.863340\n",
            "2     41.224868  -5.739181   2.466912  0.829112 -1.189799\n",
            "3    -49.086693   1.209751  -0.196029 -0.119615 -0.253887\n",
            "4    -49.086693   1.209751  -0.196029 -0.119615 -0.253887\n",
            "...         ...        ...        ...       ...       ...\n",
            "4893  47.882924  -1.210245  -2.551473  0.081336  0.554136\n",
            "4894 -34.338545 -13.149846  -0.158186  0.959536  0.264895\n",
            "4895  27.994480  -1.986691  -3.766358  1.477424  0.501213\n",
            "4896  31.629111   7.356351  -3.866571 -2.093235  1.070066\n",
            "4897  42.669255   2.301268  -3.603866 -0.470574  0.680287\n",
            "\n",
            "[4898 rows x 5 columns]\n",
            "\n",
            "Explained variance for k=5: 99.97%\n",
            "\n",
            "Q for k=6:\n",
            "[[-1.54452453e-03  9.16673296e-03  1.29244578e-02  1.24422410e-01\n",
            "  -9.84530707e-01  8.49236772e-02]\n",
            " [-1.69030937e-04  1.54624759e-03  9.34397864e-04 -5.04641601e-03\n",
            "   3.84971566e-03 -4.09544532e-02]\n",
            " [-3.38646756e-04 -1.40367326e-04  1.25792693e-03  2.93863262e-03\n",
            "  -4.16636471e-02  8.27487507e-03]\n",
            " [-4.73275083e-02 -1.49314295e-02  9.95132094e-01 -7.59758326e-02\n",
            "   5.94915363e-04 -3.78225593e-02]\n",
            " [-9.75793989e-05  7.20390584e-05  7.99982707e-05  5.86406534e-03\n",
            "   1.51292885e-03  2.13552145e-03]\n",
            " [-2.61872279e-01 -9.64637649e-01 -2.62836581e-02  1.08349352e-02\n",
            "  -7.88627161e-03 -4.90679537e-03]\n",
            " [-9.63853329e-01  2.62682018e-01 -4.28506386e-02 -1.19772833e-02\n",
            "   1.73915779e-03 -1.04400671e-03]\n",
            " [-3.59706391e-05  1.83976939e-05  4.47089057e-04  9.77555567e-04\n",
            "  -3.25262524e-04  5.77202670e-04]\n",
            " [-3.36199734e-06  4.08057870e-05 -7.02248727e-03 -1.66565597e-02\n",
            "   7.54813438e-02  1.74985889e-04]\n",
            " [-3.40888191e-04  3.60533010e-04 -2.14549560e-03 -5.04517849e-03\n",
            "   3.56125428e-03  1.04262703e-02]\n",
            " [ 1.25043553e-02 -6.47965595e-03 -8.28886698e-02 -8.25831259e-01\n",
            "  -1.52189379e-01 -5.35791770e-01]\n",
            " [ 3.28041170e-03 -1.09933430e-02 -9.53699973e-03 -5.44165671e-01\n",
            "   2.98632006e-03  8.38093112e-01]]\n",
            "\n",
            "data_reduced for k=6:\n",
            "              0          1          2         3         4         5\n",
            "0    -33.732172  -1.240689  12.772668  0.009733  0.089934  0.411475\n",
            "1     11.926072  18.955475  -3.860499  0.909556  0.863340  0.890248\n",
            "2     41.224868  -5.739181   2.466912  0.829112 -1.189799  0.479998\n",
            "3    -49.086693   1.209751  -0.196029 -0.119615 -0.253887  0.274850\n",
            "4    -49.086693   1.209751  -0.196029 -0.119615 -0.253887  0.274850\n",
            "...         ...        ...        ...       ...       ...       ...\n",
            "4893  47.882924  -1.210245  -2.551473  0.081336  0.554136 -0.033050\n",
            "4894 -34.338545 -13.149846  -0.158186  0.959536  0.264895 -0.467584\n",
            "4895  27.994480  -1.986691  -3.766358  1.477424  0.501213  0.920188\n",
            "4896  31.629111   7.356351  -3.866571 -2.093235  1.070066 -0.096394\n",
            "4897  42.669255   2.301268  -3.603866 -0.470574  0.680287 -0.338877\n",
            "\n",
            "[4898 rows x 6 columns]\n",
            "\n",
            "Explained variance for k=6: 100.00%\n",
            "\n",
            "Q for k=7:\n",
            "[[-1.54452453e-03  9.16673296e-03  1.29244578e-02  1.24422410e-01\n",
            "  -9.84530707e-01  8.49236772e-02  7.43389867e-02]\n",
            " [-1.69030937e-04  1.54624759e-03  9.34397864e-04 -5.04641601e-03\n",
            "   3.84971566e-03 -4.09544532e-02 -7.19119916e-02]\n",
            " [-3.38646756e-04 -1.40367326e-04  1.25792693e-03  2.93863262e-03\n",
            "  -4.16636471e-02  8.27487507e-03 -4.03006772e-02]\n",
            " [-4.73275083e-02 -1.49314295e-02  9.95132094e-01 -7.59758326e-02\n",
            "   5.94915363e-04 -3.78225593e-02  6.29485032e-03]\n",
            " [-9.75793989e-05  7.20390584e-05  7.99982707e-05  5.86406534e-03\n",
            "   1.51292885e-03  2.13552145e-03 -1.37426810e-02]\n",
            " [-2.61872279e-01 -9.64637649e-01 -2.62836581e-02  1.08349352e-02\n",
            "  -7.88627161e-03 -4.90679537e-03  6.30919916e-04]\n",
            " [-9.63853329e-01  2.62682018e-01 -4.28506386e-02 -1.19772833e-02\n",
            "   1.73915779e-03 -1.04400671e-03 -7.47319872e-04]\n",
            " [-3.59706391e-05  1.83976939e-05  4.47089057e-04  9.77555567e-04\n",
            "  -3.25262524e-04  5.77202670e-04  3.69146900e-03]\n",
            " [-3.36199734e-06  4.08057870e-05 -7.02248727e-03 -1.66565597e-02\n",
            "   7.54813438e-02  1.74985889e-04  9.35629944e-01]\n",
            " [-3.40888191e-04  3.60533010e-04 -2.14549560e-03 -5.04517849e-03\n",
            "   3.56125428e-03  1.04262703e-02  3.34381231e-01]\n",
            " [ 1.25043553e-02 -6.47965595e-03 -8.28886698e-02 -8.25831259e-01\n",
            "  -1.52189379e-01 -5.35791770e-01 -2.77727045e-04]\n",
            " [ 3.28041170e-03 -1.09933430e-02 -9.53699973e-03 -5.44165671e-01\n",
            "   2.98632006e-03  8.38093112e-01 -1.48623442e-02]]\n",
            "\n",
            "data_reduced for k=7:\n",
            "              0          1          2         3         4         5         6\n",
            "0    -33.732172  -1.240689  12.772668  0.009733  0.089934  0.411475 -0.107886\n",
            "1     11.926072  18.955475  -3.860499  0.909556  0.863340  0.890248  0.021122\n",
            "2     41.224868  -5.739181   2.466912  0.829112 -1.189799  0.479998  0.169246\n",
            "3    -49.086693   1.209751  -0.196029 -0.119615 -0.253887  0.274850 -0.015476\n",
            "4    -49.086693   1.209751  -0.196029 -0.119615 -0.253887  0.274850 -0.015476\n",
            "...         ...        ...        ...       ...       ...       ...       ...\n",
            "4893  47.882924  -1.210245  -2.551473  0.081336  0.554136 -0.033050  0.033307\n",
            "4894 -34.338545 -13.149846  -0.158186  0.959536  0.264895 -0.467584 -0.053818\n",
            "4895  27.994480  -1.986691  -3.766358  1.477424  0.501213  0.920188 -0.230324\n",
            "4896  31.629111   7.356351  -3.866571 -2.093235  1.070066 -0.096394 -0.033723\n",
            "4897  42.669255   2.301268  -3.603866 -0.470574  0.680287 -0.338877 -0.065426\n",
            "\n",
            "[4898 rows x 7 columns]\n",
            "\n",
            "Explained variance for k=7: 100.00%\n",
            "\n",
            "Q for k=8:\n",
            "[[-1.54452453e-03  9.16673296e-03  1.29244578e-02  1.24422410e-01\n",
            "  -9.84530707e-01  8.49236772e-02  7.43389867e-02 -4.68562413e-02]\n",
            " [-1.69030937e-04  1.54624759e-03  9.34397864e-04 -5.04641601e-03\n",
            "   3.84971566e-03 -4.09544532e-02 -7.19119916e-02 -2.83221670e-01]\n",
            " [-3.38646756e-04 -1.40367326e-04  1.25792693e-03  2.93863262e-03\n",
            "  -4.16636471e-02  8.27487507e-03 -4.03006772e-02  8.76795979e-01]\n",
            " [-4.73275083e-02 -1.49314295e-02  9.95132094e-01 -7.59758326e-02\n",
            "   5.94915363e-04 -3.78225593e-02  6.29485032e-03  3.22940168e-04]\n",
            " [-9.75793989e-05  7.20390584e-05  7.99982707e-05  5.86406534e-03\n",
            "   1.51292885e-03  2.13552145e-03 -1.37426810e-02  1.42757191e-02]\n",
            " [-2.61872279e-01 -9.64637649e-01 -2.62836581e-02  1.08349352e-02\n",
            "  -7.88627161e-03 -4.90679537e-03  6.30919916e-04 -7.83437672e-04]\n",
            " [-9.63853329e-01  2.62682018e-01 -4.28506386e-02 -1.19772833e-02\n",
            "   1.73915779e-03 -1.04400671e-03 -7.47319872e-04 -5.95991040e-05]\n",
